                                位G,  F,  E,  D,  C,  B,  A         位G,  F,  E,  D,  C,  B,  A         位G,  F,  E,  D,  C,  B,  A
                         字母   选N,  M,  L,  K,  J,  I,  H   字母  选N,  M,  L,  K,  J,  I,  H   字母  选N,  M,  L,  K,  J,  I,  H
星期一 Monday   : MON     M       0   1   1   0   1   1   0    O      0   1   1   1   1   1   1    N      0   1   1   0   1   1   0             
                                  1   0   1   0   0   0   0           0   0   0   0   0   0   0           0   0   1   1   0   0   0
------------------------------------------------------------------------------------------------------------------------------------
星期二 Tuesday  : TUE     T       0   0   0   0   0   0   1    U      0   1   1   1   1   1   0    E      1   1   1   1   0   0   1
                                  0   1   0   0   1   0   0           0   0   0   0   0   0   0           0   0   0   0   0   0   1
------------------------------------------------------------------------------------------------------------------------------------
星期三 Wednesday: WED     W       0   1   1   0   1   1   0    E      1   1   1   1   0   0   1    D      0   0   0   1   1   1   1
                                  0   0   0   1   0   1   0           0   0   0   0   0   0   1           0   1   0   0   1   0   0
------------------------------------------------------------------------------------------------------------------------------------
星期四 Thursday : THU     T       0   0   0   0   0   0   1    H      1   1   1   0   1   1   0    U      0   1   1   1   1   1   0
                                  0   1   0   0   1   0   0           0   0   0   0   0   0   1           0   0   0   0   0   0   0
------------------------------------------------------------------------------------------------------------------------------------
星期五 Friday   : FRI     F       1   1   1   0   0   0   1    R      1   1   1   0   0   1   1    I      0   0   0   1   0   0   1
                                  0   0   0   0   0   0   1           0   0   0   1   0   0   1           0   1   0   0   1   0   0
------------------------------------------------------------------------------------------------------------------------------------
星期六 Saturday : SAT     S       1   1   0   1   1   0   1    A      1   1   1   0   1   1   1    T      0   0   0   0   0   0   1
                                  0   0   0   0   0   0   1           0   0   0   0   0   0   1           0   1   0   0   1   0   0
------------------------------------------------------------------------------------------------------------------------------------
星期天 Sunday   : SUN     S       1   1   0   1   1   0   1    U      0   1   1   1   1   1   0    N      0   1   1   0   1   1   0
                                  0   0   0   0   0   0   1           0   0   0   0   0   0   0           0   0   1   1   0   0   0
------------------------------------------------------------------------------------------------------------------------------------
闹钟   关   --  : OFF     O       0   1   1   1   1   1   1    F      1   1   1   0   0   0   1    F      1   1   1   0   0   0   1
                                  0   0   0   0   0   0   0           0   0   0   0   0   0   1           0   0   0   0   0   0   1
------------------------------------------------------------------------------------------------------------------------------------
       每天 N   : REP     R       1   1   1   0   0   1   1    E      1   1   1   1   0   0   1    P      1   1   1   0   0   1   1
                                  0   0   0   1   0   0   1           0   0   0   0   0   0   1           0   0   0   0   0   0   1
------------------------------------------------------------------------------------------------------------------------------------
       一天 1   :  OT     无                                   O      0   1   1   1   1   1   1    T      0   0   0   0   0   0   1
                                                                      0   0   0   0   0   0   0           0   1   0   0   1   0   0